Resultados resumidos de la Propagacion de Rumores con Relinking Guiado (PR-RG)

Mejor por instancia:
- pfsp_20x5: 1278, gap 0.00%, tiempo 0.275652 s
- pfsp_20x10: 1582, gap 0.00%, tiempo 0.865191 s
- pfsp_50x10: 3067, gap 0.99%, tiempo 3.409660 s
- pfsp_100x10: 5716, gap -1.04%, tiempo 12.516500 s
- pfsp_100x20: 6548, gap 3.44%, tiempo 15.628500 s

Promedio aproximado:
- gap: 0.68%
- tiempo: 6.54 s
